waypoint0: [7.26947641372681, 16.69453620910645, 0.00000000000000, 0.02033959231983, 0.00000000000000, 0.00000000000000, -0.99979312909435]
waypoint1: [1.21592211723328, 16.63303184509277, 0.00000000000000, 0.00929385553999, 0.00000000000000, 0.00000000000000, -0.99995681119196]
waypoint2: [-6.89915847778320, 16.42248916625977, 0.00000000000000, 0.70505445046921, 0.00000000000000, 0.00000000000000, -0.70915317236375]
waypoint3: [-6.86126136779785, 0.74191272258759, 0.00000000000000, 0.69886187008297, 0.00000000000000, 0.00000000000000, -0.71525665781182]
waypoint4: [-7.25293397903442, -16.83584785461426, 0.00000000000000, 0.99985840448482, 0.00000000000000, 0.00000000000000, 0.01682768495874]
waypoint5: [-1.42587757110596, -16.96621894836426, 0.00000000000000, 0.99987904120169, 0.00000000000000, 0.00000000000000, -0.01555323006950]
waypoint6: [6.88089084625244, -17.01436996459961, 0.00000000000000, 0.72553297633923, 0.00000000000000, 0.00000000000000, 0.68818740198025]
waypoint7: [6.94984865188599, 0.43647003173828, 0.00000000000000, 0.03866276476426, 0.00000000000000, 0.00000000000000, -0.99925231579456]
waypoint8: [0.44050139188766, -0.49173283576965, 0.00000000000000, 0.70271515189026, 0.00000000000000, 0.00000000000000, 0.71147130321880]
waypoint9: [0.89414119720459, 16.66709327697754, 0.00000000000000, 0.01561061312249, 0.00000000000000, 0.00000000000000, -0.99987814695489]
waypoint10: [-7.09420537948608, 16.10164260864258, 0.00000000000000, 0.70007844449404, 0.00000000000000, 0.00000000000000, -0.71406594342176]
waypoint11: [-6.70755624771118, -0.51469397544861, 0.00000000000000, 0.99923538164051, 0.00000000000000, 0.00000000000000, 0.03909798048164]
waypoint12: [0.08969584107399, 0.08986115455627, 0.00000000000000, 0.70505440820038, 0.00000000000000, 0.00000000000000, -0.70915321438826]
waypoint13: [-0.42927068471909, -17.22957801818848, 0.00000000000000, 0.99995156324367, 0.00000000000000, 0.00000000000000, -0.00984231510055]
waypoint14: [6.94416427612305, -17.20792388916016, 0.00000000000000, 0.73048161646583, 0.00000000000000, 0.00000000000000, 0.68293235975861]
waypoint15: [7.14041757583618, -0.01540517807007, 0.00000000000000, 0.01914487136530, 0.00000000000000, 0.00000000000000, -0.99981672015445]
waypoint16: [0.21867021918297, 0.12131237983704, 0.00000000000000, 0.72232293135672, 0.00000000000000, 0.00000000000000, 0.69155591446841]
waypoint17: [0.63358110189438, 16.15344238281250, 0.00000000000000, 0.99937039060017, 0.00000000000000, 0.00000000000000, 0.03547988714268]
waypoint18: [7.07461643218994, 16.40588569641113, 0.00000000000000, 0.69891532943500, 0.00000000000000, 0.00000000000000, -0.71520441992536]
waypoint19: [7.14638996124268, 1.01489305496216, 0.00000000000000, 0.70505440820038, 0.00000000000000, 0.00000000000000, -0.70915321438826]
waypoint20: [6.97916126251221, -16.72515869140625, 0.00000000000000, 0.00587324500869, 0.00000000000000, 0.00000000000000, -0.99998275234779]
waypoint21: [0.98738771677017, -17.23778915405273, 0.00000000000000, 0.00289769164386, 0.00000000000000, 0.00000000000000, 0.99999580168276]
waypoint22: [-7.15634441375732, -16.83640670776367, 0.00000000000000, 0.70081115724074, 0.00000000000000, 0.00000000000000, 0.71334684543138]
waypoint23: [-6.96979618072510, -1.31812047958374, 0.00000000000000, 0.70417069683100, 0.00000000000000, 0.00000000000000, 0.71003072449334]
waypoint24: [-6.89934539794922, 16.39029312133789, 0.00000000000000, 0.99999580014454, 0.00000000000000, 0.00000000000000, -0.00289822243473]
waypoint25: [-0.45961588621140, 16.41736221313477, 0.00000000000000, 0.99944225608071, 0.00000000000000, 0.00000000000000, 0.03339426238587]
