waypoint0: [7.01190233230591, 16.69602966308594, 0.00000000000000, 0.02830730785117, 0.00000000000000, 0.00000000000000, -0.99959926786799]
waypoint1: [1.15152859687805, 16.63340568542480, 0.00000000000000, 0.00289804927023, 0.00000000000000, 0.00000000000000, 0.99999580064640]
waypoint2: [-6.83625793457031, 16.16454124450684, 0.00000000000000, 0.70505440820038, 0.00000000000000, 0.00000000000000, -0.70915321438826]
waypoint3: [-6.92584228515625, 0.71009004116058, 0.00000000000000, 0.70505445046921, 0.00000000000000, 0.00000000000000, -0.70915317236375]
waypoint4: [-7.28475809097290, -16.77126502990723, 0.00000000000000, 0.99999322895386, 0.00000000000000, 0.00000000000000, 0.00367995196189]
waypoint5: [-0.97512310743332, -16.96883201599121, 0.00000000000000, 0.99995156330784, 0.00000000000000, 0.00000000000000, -0.00984230858161]
waypoint6: [6.88051748275757, -17.07876396179199, 0.00000000000000, 0.70915326761839, 0.00000000000000, 0.00000000000000, 0.70505435466080]
waypoint7: [7.14060449600220, 0.01679253578186, 0.00000000000000, 0.00602964482653, 0.00000000000000, 0.00000000000000, -0.99998182152640]
waypoint8: [0.15520989894867, 0.28266882896423, 0.00000000000000, 0.71324016363951, 0.00000000000000, 0.00000000000000, 0.70091973076201]
waypoint9: [0.54016363620758, 16.70134735107422, 0.00000000000000, 0.00289793006144, 0.00000000000000, 0.00000000000000, 0.99999580099186]
waypoint10: [-6.80480718612671, 16.03556823730469, 0.00000000000000, 0.69054378532285, 0.00000000000000, 0.00000000000000, -0.72329059205273]
waypoint11: [-6.54619932174683, -0.45123338699341, 0.00000000000000, 0.99980372385769, 0.00000000000000, 0.00000000000000, 0.01981196003144]
waypoint12: [0.21736380457878, -0.10406446456909, 0.00000000000000, 0.70505440820038, 0.00000000000000, 0.00000000000000, -0.70915321438826]
waypoint13: [-0.32969427108765, -16.71499252319336, 0.00000000000000, 0.99991935292791, 0.00000000000000, 0.00000000000000, -0.01269990709519]
waypoint14: [7.07276487350464, -17.24086570739746, 0.00000000000000, 0.71213433141984, 0.00000000000000, 0.00000000000000, 0.70204322802319]
waypoint15: [7.20406484603882, -0.14456391334534, 0.00000000000000, 0.00785266832123, 0.00000000000000, 0.00000000000000, -0.99996916732479]
waypoint16: [-0.20119464397430, -0.10163831710815, 0.00000000000000, 0.72204430837843, 0.00000000000000, 0.00000000000000, -0.69184681594867]
waypoint17: [-0.04141664505005, -16.97424316406250, 0.00000000000000, 0.00965480506575, 0.00000000000000, 0.00000000000000, 0.99995339128338]
waypoint18: [-7.21980476379395, -16.67505264282227, 0.00000000000000, 0.71769679464676, 0.00000000000000, 0.00000000000000, 0.69635573592365]
waypoint19: [-7.03213644027710, -0.96358299255371, 0.00000000000000, 0.72367841825977, 0.00000000000000, 0.00000000000000, 0.69013733919057]
waypoint20: [-6.83569812774658, 16.26113128662109, 0.00000000000000, 0.99903115702359, 0.00000000000000, 0.00000000000000, 0.04400849118191]
waypoint21: [-0.71905702352524, 16.09688377380371, 0.00000000000000, 0.99882933178975, 0.00000000000000, 0.00000000000000, 0.04837319460658]
waypoint22: [6.94862890243530, 16.88958168029785, 0.00000000000000, 0.72134257375460, 0.00000000000000, 0.00000000000000, -0.69257843692183]
waypoint23: [7.30475997924805, 0.56320440769196, 0.00000000000000, 0.70505445046921, 0.00000000000000, 0.00000000000000, -0.70915317236375]
waypoint24: [7.10850858688354, -16.62931632995605, 0.00000000000000, 0.01404354103598, 0.00000000000000, 0.00000000000000, -0.99990138461509]
waypoint25: [0.63490247726440, -16.94596481323242, 0.00000000000000, 0.00289852610538, 0.00000000000000, 0.00000000000000, 0.99999579926439]
