waypoint0: [7.17288684844971, 16.69509506225586, 0.00000000000000, 0.02647622549008, 0.00000000000000, 0.00000000000000, -0.99964944329690]
waypoint1: [0.92503231763840, 16.44153213500977, 0.00000000000000, 0.00404555091277, 0.00000000000000, 0.00000000000000, -0.99999181672542]
waypoint2: [-6.96429872512817, 16.29407501220703, 0.00000000000000, 0.69352933308004, 0.00000000000000, 0.00000000000000, -0.72042838933342]
waypoint3: [-6.99210214614868, 0.38849520683289, 0.00000000000000, 0.71124740249826, 0.00000000000000, 0.00000000000000, -0.70294177030496]
waypoint4: [-7.02867698669434, -17.03033447265625, 0.00000000000000, 0.99988822947659, 0.00000000000000, 0.00000000000000, 0.01495087135135]
waypoint5: [-0.87890607118607, -17.03378486633301, 0.00000000000000, 0.99971531455113, 0.00000000000000, 0.00000000000000, 0.02385979572270]
waypoint6: [6.97598886489868, -17.27250289916992, 0.00000000000000, 0.70915318356936, 0.00000000000000, 0.00000000000000, 0.70505443919845]
waypoint7: [7.14060449600220, 0.01679253578186, 0.00000000000000, 0.00289828768781, 0.00000000000000, 0.00000000000000, 0.99999579995542]
waypoint8: [0.24862733483315, -0.26523613929749, 0.00000000000000, 0.70456028371145, 0.00000000000000, 0.00000000000000, 0.70964414083147]
waypoint9: [0.57124054431915, 16.50797653198242, 0.00000000000000, 0.01322429176497, 0.00000000000000, 0.00000000000000, -0.99991255523036]
waypoint10: [-6.89953184127808, 16.35809707641602, 0.00000000000000, 0.69982145451416, 0.00000000000000, 0.00000000000000, -0.71431780868300]
waypoint11: [-6.89831066131592, -0.09501624107361, 0.00000000000000, 0.99976947075644, 0.00000000000000, 0.00000000000000, 0.02147103498640]
waypoint12: [0.08764284849167, -0.26430296897888, 0.00000000000000, 0.68681509850105, 0.00000000000000, 0.00000000000000, -0.72683218177994]
waypoint13: [-0.23571687936783, -17.16630363464355, 0.00000000000000, 0.99998523546648, 0.00000000000000, 0.00000000000000, 0.00543404536693]
waypoint14: [6.97673511505127, -17.14371681213379, 0.00000000000000, 0.72534499946652, 0.00000000000000, 0.00000000000000, 0.68838552552252]
waypoint15: [7.04513311386108, 0.21053338050842, 0.00000000000000, 0.01433581278446, 0.00000000000000, 0.00000000000000, -0.99989723695578]
waypoint16: [0.53970450162888, -0.04153728485107, 0.00000000000000, 0.00289828768781, 0.00000000000000, 0.00000000000000, 0.99999579995542]
waypoint17: [-7.18789529800415, -0.06113886833191, 0.00000000000000, 0.70379211895105, 0.00000000000000, 0.00000000000000, 0.71040597780592]
waypoint18: [-7.03018522262573, 16.03687286376953, 0.00000000000000, 0.99880638411148, 0.00000000000000, 0.00000000000000, 0.04884472395403]
waypoint19: [-0.62228018045425, 16.12852096557617, 0.00000000000000, 0.99958030540852, 0.00000000000000, 0.00000000000000, 0.02896917395111]
waypoint20: [7.04353857040405, 16.59925079345703, 0.00000000000000, 0.70505440820038, 0.00000000000000, 0.00000000000000, -0.70915321438826]
waypoint21: [7.34087705612183, 1.23915016651154, 0.00000000000000, 0.71677082569967, 0.00000000000000, 0.00000000000000, -0.69730881496351]
waypoint22: [7.04150199890137, -17.07969665527344, 0.00000000000000, 0.00653460540725, 0.00000000000000, 0.00000000000000, -0.99997864923816]
waypoint23: [1.31103491783142, -16.94988441467285, 0.00000000000000, 0.00491398184576, 0.00000000000000, 0.00000000000000, -0.99998792631832]
waypoint24: [-7.12302732467651, -16.64341354370117, 0.00000000000000, 0.69805430455776, 0.00000000000000, 0.00000000000000, 0.71604482254143]
waypoint25: [-6.67853260040283, -1.06222534179688, 0.00000000000000, 0.69660659810799, 0.00000000000000, 0.00000000000000, 0.71745330682381]
