waypoint0: [1.90844142436981, 0.01492285728455, 0.00000000000000, 0.70915322559387, 0.00000000000000, 0.00000000000000, 0.70505439692963]
waypoint1: [1.38190257549286, 9.16216659545898, 0.00000000000000, 0.44215684414760, 0.00000000000000, 0.00000000000000, -0.89693774877270]
waypoint2: [-1.24675285816193, 5.60344314575195, 0.00000000000000, 0.69514015319649, 0.00000000000000, 0.00000000000000, -0.71887423615953]
waypoint3: [-1.50423109531403, 0.06690382957458, 0.00000000000000, 0.71571468306324, 0.00000000000000, 0.00000000000000, -0.69839279237953]
waypoint4: [-1.23190784454346, -8.49930381774902, 0.00000000000000, 0.93125538915348, 0.00000000000000, 0.00000000000000, 0.36436712279321]
waypoint5: [1.42577111721039, -5.48811244964600, 0.00000000000000, 0.71836682597512, 0.00000000000000, 0.00000000000000, 0.69566450487173]
