waypoint0: [7.01362943649292, 14.21678543090820, 0.00000000000000, 0.70915309952031, 0.00000000000000, 0.00000000000000, 0.70505452373610]
waypoint1: [-5.40275478363037, 16.28502273559570, 0.00000000000000, 0.02409983380531, 0.00000000000000, 0.00000000000000, -0.99970955682666]
waypoint2: [-7.06502723693848, -14.96945858001709, 0.00000000000000, 0.69590729741364, 0.00000000000000, 0.00000000000000, -0.71813162679723]
waypoint3: [5.48107624053955, -16.87746238708496, 0.00000000000000, 0.99999579931855, 0.00000000000000, 0.00000000000000, -0.00289850741824]
waypoint4: [7.06048583984375, 0.08165311813354, 0.00000000000000, 0.71481535395417, 0.00000000000000, 0.00000000000000, 0.69931324151011]
