waypoint0: [7.22043514251709, 16.56602859497070, 0.00000000000000, 0.00564830081243, 0.00000000000000, 0.00000000000000, -0.99998404822174]
waypoint1: [1.45702433586121, 16.56723976135254, 0.00000000000000, 0.00156636571279, 0.00000000000000, 0.00000000000000, -0.99999877324847]
waypoint2: [-6.97927618026733, 16.48735046386719, 0.00000000000000, 0.70810439307279, 0.00000000000000, 0.00000000000000, -0.70610775984336]
waypoint3: [-6.84553527832031, 0.67742609977722, 0.00000000000000, 0.70964402604402, 0.00000000000000, 0.00000000000000, -0.70456039932715]
waypoint4: [-7.17244195938110, -16.83631515502930, 0.00000000000000, 0.99947919625924, 0.00000000000000, 0.00000000000000, -0.03226974194173]
waypoint5: [-1.60426688194275, -17.19056701660156, 0.00000000000000, 0.99998792843974, 0.00000000000000, 0.00000000000000, 0.00491355012219]
waypoint6: [6.99208641052246, -17.27259445190430, 0.00000000000000, 0.70915322559387, 0.00000000000000, 0.00000000000000, 0.70505439692963]
waypoint7: [7.25310516357422, -0.01605796813965, 0.00000000000000, 0.01215614339069, 0.00000000000000, 0.00000000000000, 0.99992611135917]
waypoint8: [0.03972125053406, -0.19962906837463, 0.00000000000000, 0.70915322559387, 0.00000000000000, 0.00000000000000, 0.70505439692963]
waypoint9: [0.45761871337891, 16.34764671325684, 0.00000000000000, 0.00748527609712, 0.00000000000000, 0.00000000000000, 0.99997198492845]
waypoint10: [-6.94838619232178, 16.26178359985352, 0.00000000000000, 0.69701321026937, 0.00000000000000, 0.00000000000000, -0.71705828543431]
waypoint11: [-6.72066736221313, 0.00054907798767, 0.00000000000000, 0.99994856916475, 0.00000000000000, 0.00000000000000, 0.01014194386560]
waypoint12: [0.00715094804764, -0.26383614540100, 0.00000000000000, 0.70505440820038, 0.00000000000000, 0.00000000000000, -0.70915321438826]
waypoint13: [-0.15447837114334, -17.03798294067383, 0.00000000000000, 0.99999580014049, 0.00000000000000, 0.00000000000000, -0.00289822383171]
waypoint14: [7.25133895874023, -16.98431396484375, 0.00000000000000, 0.70461949858005, 0.00000000000000, 0.00000000000000, 0.70958534526920]
waypoint15: [6.89950132369995, 0.08258652687073, 0.00000000000000, 0.01124878444650, 0.00000000000000, 0.00000000000000, -0.99993673042272]
waypoint16: [0.12039950489998, -0.16789841651917, 0.00000000000000, 0.70505440820038, 0.00000000000000, 0.00000000000000, -0.70915321438826]
waypoint17: [-0.00791341066360, -16.74905395507812, 0.00000000000000, 0.00993958238937, 0.00000000000000, 0.00000000000000, 0.99995060113084]
waypoint18: [-7.12358713150024, -16.74000167846680, 0.00000000000000, 0.71221182408977, 0.00000000000000, 0.00000000000000, 0.70196461280232]
waypoint19: [-6.96904945373535, -1.18933296203613, 0.00000000000000, 0.70581961238918, 0.00000000000000, 0.00000000000000, 0.70839161116348]
waypoint20: [-7.22131299972534, 16.39216041564941, 0.00000000000000, 0.99975622329240, 0.00000000000000, 0.00000000000000, 0.02207926602315]
waypoint21: [-0.33101564645767, 16.38441658020020, 0.00000000000000, 0.99959927327415, 0.00000000000000, 0.00000000000000, 0.02830711694580]
waypoint22: [7.04372501373291, 16.63144683837891, 0.00000000000000, 0.69931325287085, 0.00000000000000, 0.00000000000000, -0.71481534283980]
waypoint23: [7.18101215362549, 1.43326425552368, 0.00000000000000, 0.71003073568491, 0.00000000000000, 0.00000000000000, -0.70417068554630]
waypoint24: [7.01191759109497, -16.62875556945801, 0.00000000000000, 0.00491350501436, 0.00000000000000, 0.00000000000000, -0.99998792866138]
waypoint25: [0.92336750030518, -17.17302322387695, 0.00000000000000, 0.00289852610538, 0.00000000000000, 0.00000000000000, 0.99999579926439]
