waypoint0: [7.22043514251709, 16.56602859497070, 0.00000000000000, 0.00564830081243, 0.00000000000000, 0.00000000000000, -0.99998404822174]
waypoint1: [1.45702433586121, 16.56723976135254, 0.00000000000000, 0.00156636571279, 0.00000000000000, 0.00000000000000, -0.99999877324847]
waypoint2: [-6.97927618026733, 16.48735046386719, 0.00000000000000, 0.70810439307279, 0.00000000000000, 0.00000000000000, -0.70610775984336]
waypoint3: [-6.84553527832031, 0.67742609977722, 0.00000000000000, 0.70964402604402, 0.00000000000000, 0.00000000000000, -0.70456039932715]
waypoint4: [-7.17244195938110, -16.83631515502930, 0.00000000000000, 0.99947919625924, 0.00000000000000, 0.00000000000000, -0.03226974194173]
waypoint5: [-1.60426688194275, -17.19056701660156, 0.00000000000000, 0.99998792843974, 0.00000000000000, 0.00000000000000, 0.00491355012219]
waypoint6: [6.99208641052246, -17.27259445190430, 0.00000000000000, 0.70915322559387, 0.00000000000000, 0.00000000000000, 0.70505439692963]
waypoint7: [7.25310516357422, -0.01605796813965, 0.00000000000000, 0.01215614339069, 0.00000000000000, 0.00000000000000, 0.99992611135917]
waypoint8: [0.03972125053406, -0.19962906837463, 0.00000000000000, 0.70915322559387, 0.00000000000000, 0.00000000000000, 0.70505439692963]
waypoint9: [0.45761871337891, 16.34764671325684, 0.00000000000000, 0.00748527609712, 0.00000000000000, 0.00000000000000, 0.99997198492845]
waypoint10: [-6.94838619232178, 16.26178359985352, 0.00000000000000, 0.69701321026937, 0.00000000000000, 0.00000000000000, -0.71705828543431]
waypoint11: [-6.72066736221313, 0.00054907798767, 0.00000000000000, 0.99994856916475, 0.00000000000000, 0.00000000000000, 0.01014194386560]
waypoint12: [0.00715094804764, -0.26383614540100, 0.00000000000000, 0.70505440820038, 0.00000000000000, 0.00000000000000, -0.70915321438826]
waypoint13: [-0.15447837114334, -17.03798294067383, 0.00000000000000, 0.99999580014049, 0.00000000000000, 0.00000000000000, -0.00289822383171]
waypoint14: [7.25133895874023, -16.98431396484375, 0.00000000000000, 0.70461949858005, 0.00000000000000, 0.00000000000000, 0.70958534526920]
waypoint15: [6.89950132369995, 0.08258652687073, 0.00000000000000, 0.01124878444650, 0.00000000000000, 0.00000000000000, -0.99993673042272]
waypoint16: [0.58725261688232, -0.17060399055481, 0.00000000000000, 0.00851580737662, 0.00000000000000, 0.00000000000000, 0.99996373985496]
waypoint17: [-6.87978601455688, 0.32344865798950, 0.00000000000000, 0.69533710047467, 0.00000000000000, 0.00000000000000, 0.71868373900032]
waypoint18: [-6.81922483444214, 16.32543373107910, 0.00000000000000, 0.99899537519892, 0.00000000000000, 0.00000000000000, 0.04481339455077]
waypoint19: [-0.60412877798080, 16.48259353637695, 0.00000000000000, 0.99997549221618, 0.00000000000000, 0.00000000000000, 0.00700106899094]
waypoint20: [6.99487066268921, 16.53513717651367, 0.00000000000000, 0.72801310043902, 0.00000000000000, 0.00000000000000, -0.68556321779189]
waypoint21: [7.25646448135376, 0.56348478794098, 0.00000000000000, 0.70176384483471, 0.00000000000000, 0.00000000000000, -0.71240964766263]
waypoint22: [6.67123699188232, -17.07754898071289, 0.00000000000000, 0.02941799466223, 0.00000000000000, 0.00000000000000, 0.99956719713587]
waypoint23: [0.71352791786194, -17.26839828491211, 0.00000000000000, 0.05010504339942, 0.00000000000000, 0.00000000000000, 0.99874395348655]
waypoint24: [-7.01108407974243, -16.77285003662109, 0.00000000000000, 0.70330267297164, 0.00000000000000, 0.00000000000000, 0.71089053319829]
waypoint25: [-7.05196762084961, -1.60742378234863, 0.00000000000000, 0.71365798464443, 0.00000000000000, 0.00000000000000, 0.70049431186360]
