waypoint0: [7.22043514251709, 16.56602859497070, 0.00000000000000, 0.00564830081243, 0.00000000000000, 0.00000000000000, -0.99998404822174]
waypoint1: [1.45702433586121, 16.56723976135254, 0.00000000000000, 0.00156636571279, 0.00000000000000, 0.00000000000000, -0.99999877324847]
waypoint2: [-6.97927618026733, 16.48735046386719, 0.00000000000000, 0.70810439307279, 0.00000000000000, 0.00000000000000, -0.70610775984336]
waypoint3: [-6.84553527832031, 0.67742609977722, 0.00000000000000, 0.70964402604402, 0.00000000000000, 0.00000000000000, -0.70456039932715]
waypoint4: [-7.17244195938110, -16.83631515502930, 0.00000000000000, 0.99947919625924, 0.00000000000000, 0.00000000000000, -0.03226974194173]
waypoint5: [-1.60426688194275, -17.19056701660156, 0.00000000000000, 0.99998792843974, 0.00000000000000, 0.00000000000000, 0.00491355012219]
waypoint6: [6.99208641052246, -17.27259445190430, 0.00000000000000, 0.70915322559387, 0.00000000000000, 0.00000000000000, 0.70505439692963]
waypoint7: [7.25310516357422, -0.01605796813965, 0.00000000000000, 0.01215614339069, 0.00000000000000, 0.00000000000000, 0.99992611135917]
waypoint8: [0.03972125053406, -0.19962906837463, 0.00000000000000, 0.70915322559387, 0.00000000000000, 0.00000000000000, 0.70505439692963]
waypoint9: [0.45761871337891, 16.34764671325684, 0.00000000000000, 0.00748527609712, 0.00000000000000, 0.00000000000000, 0.99997198492845]
waypoint10: [-6.94838619232178, 16.26178359985352, 0.00000000000000, 0.69701321026937, 0.00000000000000, 0.00000000000000, -0.71705828543431]
waypoint11: [-6.72066736221313, 0.00054907798767, 0.00000000000000, 0.99994856916475, 0.00000000000000, 0.00000000000000, 0.01014194386560]
waypoint12: [0.00715094804764, -0.26383614540100, 0.00000000000000, 0.70505440820038, 0.00000000000000, 0.00000000000000, -0.70915321438826]
waypoint13: [-0.15447837114334, -17.03798294067383, 0.00000000000000, 0.99999580014049, 0.00000000000000, 0.00000000000000, -0.00289822383171]
waypoint14: [7.25133895874023, -16.98431396484375, 0.00000000000000, 0.70461949858005, 0.00000000000000, 0.00000000000000, 0.70958534526920]
waypoint15: [6.89950132369995, 0.08258652687073, 0.00000000000000, 0.01124878444650, 0.00000000000000, 0.00000000000000, -0.99993673042272]
waypoint16: [-0.04133075475693, -0.29575252532959, 0.00000000000000, 0.70505440820038, 0.00000000000000, 0.00000000000000, -0.70915321438826]
waypoint17: [-0.42628455162048, -16.71443176269531, 0.00000000000000, 0.99995426032862, 0.00000000000000, 0.00000000000000, -0.00956437403341]
waypoint18: [7.14107751846313, -16.56510734558105, 0.00000000000000, 0.72257345997850, 0.00000000000000, 0.00000000000000, 0.69129414501694]
waypoint19: [7.23215484619141, -0.85308074951172, 0.00000000000000, 0.70915322559387, 0.00000000000000, 0.00000000000000, 0.70505439692963]
waypoint20: [7.20433664321899, 16.56612205505371, 0.00000000000000, 0.01669909023810, 0.00000000000000, 0.00000000000000, -0.99986056047092]
waypoint21: [1.31139326095581, 16.43929290771484, 0.00000000000000, 0.00289840689659, 0.00000000000000, 0.00000000000000, 0.99999579960991]
waypoint22: [-6.99668121337891, 16.26206588745117, 0.00000000000000, 0.70024692656095, 0.00000000000000, 0.00000000000000, -0.71390072267924]
waypoint23: [-6.95691823959351, 0.90345764160156, 0.00000000000000, 0.69845862505549, 0.00000000000000, 0.00000000000000, -0.71565043777363]
waypoint24: [-7.38190746307373, -16.86729812622070, 0.00000000000000, 0.99984444646660, 0.00000000000000, 0.00000000000000, 0.01763754149218]
waypoint25: [-0.65464776754379, -17.22827148437500, 0.00000000000000, 0.99981671956722, 0.00000000000000, 0.00000000000000, 0.01914490203255]
