waypoint0: [7.22043514251709, 16.56602859497070, 0.00000000000000, 0.00564830081243, 0.00000000000000, 0.00000000000000, -0.99998404822174]
waypoint1: [1.45702433586121, 16.56723976135254, 0.00000000000000, 0.00156636571279, 0.00000000000000, 0.00000000000000, -0.99999877324847]
waypoint2: [-6.97927618026733, 16.48735046386719, 0.00000000000000, 0.70810439307279, 0.00000000000000, 0.00000000000000, -0.70610775984336]
waypoint3: [-6.84553527832031, 0.67742609977722, 0.00000000000000, 0.70964402604402, 0.00000000000000, 0.00000000000000, -0.70456039932715]
waypoint4: [-7.17244195938110, -16.83631515502930, 0.00000000000000, 0.99947919625924, 0.00000000000000, 0.00000000000000, -0.03226974194173]
waypoint5: [-1.60426688194275, -17.19056701660156, 0.00000000000000, 0.99998792843974, 0.00000000000000, 0.00000000000000, 0.00491355012219]
waypoint6: [6.99208641052246, -17.27259445190430, 0.00000000000000, 0.70915322559387, 0.00000000000000, 0.00000000000000, 0.70505439692963]
waypoint7: [7.25310516357422, -0.01605796813965, 0.00000000000000, 0.01215614339069, 0.00000000000000, 0.00000000000000, 0.99992611135917]
waypoint8: [0.03972125053406, -0.19962906837463, 0.00000000000000, 0.70915322559387, 0.00000000000000, 0.00000000000000, 0.70505439692963]
waypoint9: [0.45761871337891, 16.34764671325684, 0.00000000000000, 0.00748527609712, 0.00000000000000, 0.00000000000000, 0.99997198492845]
waypoint10: [-6.94838619232178, 16.26178359985352, 0.00000000000000, 0.69701321026937, 0.00000000000000, 0.00000000000000, -0.71705828543431]
waypoint11: [-6.72066736221313, 0.00054907798767, 0.00000000000000, 0.99994856916475, 0.00000000000000, 0.00000000000000, 0.01014194386560]
waypoint12: [0.00715094804764, -0.26383614540100, 0.00000000000000, 0.70505440820038, 0.00000000000000, 0.00000000000000, -0.70915321438826]
waypoint13: [-0.15447837114334, -17.03798294067383, 0.00000000000000, 0.99999580014049, 0.00000000000000, 0.00000000000000, -0.00289822383171]
waypoint14: [7.25133895874023, -16.98431396484375, 0.00000000000000, 0.70461949858005, 0.00000000000000, 0.00000000000000, 0.70958534526920]
waypoint15: [6.89950132369995, 0.08258652687073, 0.00000000000000, 0.01124878444650, 0.00000000000000, 0.00000000000000, -0.99993673042272]
waypoint16: [0.18535366654396, -0.07168197631836, 0.00000000000000, 0.69855446702535, 0.00000000000000, 0.00000000000000, 0.71555688564846]
waypoint17: [0.21371620893478, 15.93048954010010, 0.00000000000000, 0.99902073294141, 0.00000000000000, 0.00000000000000, 0.04424449291390]
waypoint18: [7.04409837722778, 16.69584274291992, 0.00000000000000, 0.71197220476204, 0.00000000000000, 0.00000000000000, -0.70220764710040]
waypoint19: [6.92399787902832, 1.53134691715240, 0.00000000000000, 0.71540357175368, 0.00000000000000, 0.00000000000000, -0.69871147802371]
waypoint20: [6.84776020050049, -17.17516708374023, 0.00000000000000, 0.00289840689659, 0.00000000000000, 0.00000000000000, 0.99999579960991]
waypoint21: [0.66672670841217, -17.01054763793945, 0.00000000000000, 0.00572149413344, 0.00000000000000, 0.00000000000000, -0.99998363211849]
waypoint22: [-7.38172101974487, -16.83510208129883, 0.00000000000000, 0.72633022943581, 0.00000000000000, 0.00000000000000, 0.68734590840982]
waypoint23: [-6.90428256988525, -1.12531280517578, 0.00000000000000, 0.69217964657763, 0.00000000000000, 0.00000000000000, 0.72172525026055]
waypoint24: [-7.02962541580200, 16.13346481323242, 0.00000000000000, 0.99819703186091, 0.00000000000000, 0.00000000000000, 0.06002237569500]
waypoint25: [-0.39484924077988, 16.48138046264648, 0.00000000000000, 0.99893647120611, 0.00000000000000, 0.00000000000000, 0.04610777043290]
