waypoint0: [7.22043514251709, 16.56602859497070, 0.00000000000000, 0.00564830081243, 0.00000000000000, 0.00000000000000, -0.99998404822174]
waypoint1: [1.45702433586121, 16.56723976135254, 0.00000000000000, 0.00156636571279, 0.00000000000000, 0.00000000000000, -0.99999877324847]
waypoint2: [-6.97927618026733, 16.48735046386719, 0.00000000000000, 0.70810439307279, 0.00000000000000, 0.00000000000000, -0.70610775984336]
waypoint3: [-6.84553527832031, 0.67742609977722, 0.00000000000000, 0.70964402604402, 0.00000000000000, 0.00000000000000, -0.70456039932715]
waypoint4: [-7.17244195938110, -16.83631515502930, 0.00000000000000, 0.99947919625924, 0.00000000000000, 0.00000000000000, -0.03226974194173]
waypoint5: [-1.60426688194275, -17.19056701660156, 0.00000000000000, 0.99998792843974, 0.00000000000000, 0.00000000000000, 0.00491355012219]
waypoint6: [6.99208641052246, -17.27259445190430, 0.00000000000000, 0.70915322559387, 0.00000000000000, 0.00000000000000, 0.70505439692963]
waypoint7: [7.25310516357422, -0.01605796813965, 0.00000000000000, 0.01215614339069, 0.00000000000000, 0.00000000000000, 0.99992611135917]
waypoint8: [0.03972125053406, -0.19962906837463, 0.00000000000000, 0.70915322559387, 0.00000000000000, 0.00000000000000, 0.70505439692963]
waypoint9: [0.45761871337891, 16.34764671325684, 0.00000000000000, 0.00748527609712, 0.00000000000000, 0.00000000000000, 0.99997198492845]
waypoint10: [-6.94838619232178, 16.26178359985352, 0.00000000000000, 0.69701321026937, 0.00000000000000, 0.00000000000000, -0.71705828543431]
waypoint11: [-6.72066736221313, 0.00054907798767, 0.00000000000000, 0.99994856916475, 0.00000000000000, 0.00000000000000, 0.01014194386560]
waypoint12: [0.00715094804764, -0.26383614540100, 0.00000000000000, 0.70505440820038, 0.00000000000000, 0.00000000000000, -0.70915321438826]
waypoint13: [-0.15447837114334, -17.03798294067383, 0.00000000000000, 0.99999580014049, 0.00000000000000, 0.00000000000000, -0.00289822383171]
waypoint14: [7.25133895874023, -16.98431396484375, 0.00000000000000, 0.70461949858005, 0.00000000000000, 0.00000000000000, 0.70958534526920]
waypoint15: [6.89950132369995, 0.08258652687073, 0.00000000000000, 0.01124878444650, 0.00000000000000, 0.00000000000000, -0.99993673042272]
waypoint16: [0.31544709205627, 0.15294837951660, 0.00000000000000, 0.70362386850936, 0.00000000000000, 0.00000000000000, 0.71057262237151]
waypoint17: [0.37824672460556, 16.54129409790039, 0.00000000000000, 0.00773870770348, 0.00000000000000, 0.00000000000000, -0.99997005575321]
waypoint18: [-7.06238126754761, 16.03705978393555, 0.00000000000000, 0.70505436593156, 0.00000000000000, 0.00000000000000, -0.70915325641278]
waypoint19: [-6.83037090301514, 0.51634919643402, 0.00000000000000, 0.70505436593156, 0.00000000000000, 0.00000000000000, -0.70915325641278]
waypoint20: [-6.99610662460327, -16.96612930297852, 0.00000000000000, 0.99999580011282, 0.00000000000000, 0.00000000000000, -0.00289823337772]
waypoint21: [-0.97568291425705, -17.06542205810547, 0.00000000000000, 0.99999580011282, 0.00000000000000, 0.00000000000000, -0.00289823337772]
waypoint22: [7.26687860488892, -17.08100318908691, 0.00000000000000, 0.69389282516160, 0.00000000000000, 0.00000000000000, 0.72007829240247]
waypoint23: [7.16832113265991, -0.75611591339111, 0.00000000000000, 0.70335093348905, 0.00000000000000, 0.00000000000000, 0.71084278455935]
waypoint24: [7.30186080932617, 16.72654533386230, 0.00000000000000, 0.02147028364310, 0.00000000000000, 0.00000000000000, -0.99976948689200]
waypoint25: [1.34396243095398, 16.50349807739258, 0.00000000000000, 0.02033851965816, 0.00000000000000, 0.00000000000000, -0.99979315091579]
