waypoint0: [7.22043514251709, 16.56602859497070, 0.00000000000000, 0.00564830081243, 0.00000000000000, 0.00000000000000, -0.99998404822174]
waypoint1: [1.45702433586121, 16.56723976135254, 0.00000000000000, 0.00156636571279, 0.00000000000000, 0.00000000000000, -0.99999877324847]
waypoint2: [-6.97927618026733, 16.48735046386719, 0.00000000000000, 0.70810439307279, 0.00000000000000, 0.00000000000000, -0.70610775984336]
waypoint3: [-6.84553527832031, 0.67742609977722, 0.00000000000000, 0.70964402604402, 0.00000000000000, 0.00000000000000, -0.70456039932715]
waypoint4: [-7.17244195938110, -16.83631515502930, 0.00000000000000, 0.99947919625924, 0.00000000000000, 0.00000000000000, -0.03226974194173]
waypoint5: [-1.60426688194275, -17.19056701660156, 0.00000000000000, 0.99998792843974, 0.00000000000000, 0.00000000000000, 0.00491355012219]
waypoint6: [6.99208641052246, -17.27259445190430, 0.00000000000000, 0.70915322559387, 0.00000000000000, 0.00000000000000, 0.70505439692963]
waypoint7: [7.25310516357422, -0.01605796813965, 0.00000000000000, 0.01215614339069, 0.00000000000000, 0.00000000000000, 0.99992611135917]
waypoint8: [0.03972125053406, -0.19962906837463, 0.00000000000000, 0.70915322559387, 0.00000000000000, 0.00000000000000, 0.70505439692963]
waypoint9: [0.45761871337891, 16.34764671325684, 0.00000000000000, 0.00748527609712, 0.00000000000000, 0.00000000000000, 0.99997198492845]
waypoint10: [-6.94838619232178, 16.26178359985352, 0.00000000000000, 0.69701321026937, 0.00000000000000, 0.00000000000000, -0.71705828543431]
waypoint11: [-6.72066736221313, 0.00054907798767, 0.00000000000000, 0.99994856916475, 0.00000000000000, 0.00000000000000, 0.01014194386560]
waypoint12: [0.00715094804764, -0.26383614540100, 0.00000000000000, 0.70505440820038, 0.00000000000000, 0.00000000000000, -0.70915321438826]
waypoint13: [-0.15447837114334, -17.03798294067383, 0.00000000000000, 0.99999580014049, 0.00000000000000, 0.00000000000000, -0.00289822383171]
waypoint14: [7.25133895874023, -16.98431396484375, 0.00000000000000, 0.70461949858005, 0.00000000000000, 0.00000000000000, 0.70958534526920]
waypoint15: [6.89950132369995, 0.08258652687073, 0.00000000000000, 0.01124878444650, 0.00000000000000, 0.00000000000000, -0.99993673042272]
waypoint16: [0.15297031402588, -0.10369110107422, 0.00000000000000, 0.01425916904619, 0.00000000000000, 0.00000000000000, 0.99989833288095]
waypoint17: [-6.86854028701782, -0.51376080513000, 0.00000000000000, 0.69293883505281, 0.00000000000000, 0.00000000000000, -0.72099637369106]
waypoint18: [-7.06087303161621, -17.03014755249023, 0.00000000000000, 0.99996629077860, 0.00000000000000, 0.00000000000000, 0.00821080425317]
waypoint19: [-1.03895664215088, -16.87186813354492, 0.00000000000000, 0.99999580036789, 0.00000000000000, 0.00000000000000, -0.00289814536811]
waypoint20: [7.17084884643555, -16.98385238647461, 0.00000000000000, 0.70161368035022, 0.00000000000000, 0.00000000000000, 0.71255753700695]
waypoint21: [7.26491212844849, -0.75667595863342, 0.00000000000000, 0.70409929752640, 0.00000000000000, 0.00000000000000, 0.71010152740494]
waypoint22: [7.30148744583130, 16.66215324401855, 0.00000000000000, 0.01632255942766, 0.00000000000000, 0.00000000000000, -0.99986677815283]
waypoint23: [1.24494671821594, 16.08550071716309, 0.00000000000000, 0.00671579955038, 0.00000000000000, 0.00000000000000, -0.99997744876392]
waypoint24: [-6.93378067016602, 16.00411796569824, 0.00000000000000, 0.71057250773662, 0.00000000000000, 0.00000000000000, -0.70362398427632]
waypoint25: [-6.89551115036011, 0.38793516159058, 0.00000000000000, 0.71830213772607, 0.00000000000000, 0.00000000000000, -0.69573129794351]
